[49,468820,0,14,20]
[0, 41020, 31505, 4867, 11838, 33649, 5794, 10253, 45618, 32676, 26835, 11511, 22606, 18193, 6463, 4774, 18266, 20882, 20777, 27943, 9023, 8467, 17610, 5145, 8506, 8185, 29402, 20848, 15373, 11703, 14206, 5393, 19688, 28086, 41637, 20207, 36765, 34460, 22920, 27920, 30245, 9166, 22677, 36603, 22473, 21499, 13400, 8462, 19215, 11658]
[0, 6112, 1477, 9262, 10143, 24178, 1558, 1974, 11060, 3415, 10203, 21510, 39012, 3430, 1652, 10188, 18424, 3472, 16869, 15404, 11546, 7648, 15841, 7747, 15856, 3782, 23005, 7524, 7263, 3121, 2305, 5737, 2370, 37431, 739, 2492, 38463, 16298, 7842, 16711, 25860, 10906, 14384, 12679, 10808, 10728, 27058, 6447, 8799, 1944]
[604800, 7183, 2854, 14119, 11314, 24770, 4342, 2608, 13064, 4925, 11164, 23178, 42271, 3983, 3030, 13470, 19357, 9994, 21748, 16632, 12250, 9256, 18028, 10357, 19195, 6503, 24448, 8767, 10756, 7573, 5075, 7078, 3276, 38385, 2728, 3055, 38992, 17834, 8712, 17936, 26938, 13318, 16106, 13951, 11449, 13924, 28928, 10858, 9426, 7659]
[0, 25, 24, 14, 14, 22, 12, 13, 26, 23, 20, 14, 18, 17, 15, 11, 18, 21, 19, 22, 15, 12, 19, 15, 13, 16, 19, 20, 19, 15, 16, 12, 19, 20, 25, 18, 23, 25, 18, 21, 23, 12, 20, 22, 19, 20, 17, 15, 19, 16]
[[0.0, 7125.0, 7905.0, 7845.0, 8325.0, 7950.0, 7230.0, 6945.0, 6510.0, 8670.0, 7230.0, 8100.0, 8625.0, 7635.0, 6750.0, 7620.0, 4350.0, 8730.0, 8880.0, 9870.0, 4470.0, 5715.0, 5385.0, 4695.0, 5505.0, 5595.0, 6045.0, 5310.0, 5685.0, 5610.0, 6300.0, 5565.0, 5445.0, 4950.0, 2895.0, 11355.0, 10290.0, 10665.0, 11415.0, 10680.0, 10605.0, 10650.0, 10800.0, 11070.0, 10665.0, 10800.0, 7020.0, 10650.0, 6480.0, 3375.0], 
[7125.0, 0.0, 1065.0, 990.0, 1485.0, 1110.0, 210.0, 1380.0, 645.0, 1830.0, 270.0, 1245.0, 1785.0, 795.0, 405.0, 780.0, 7110.0, 4995.0, 4065.0, 4140.0, 10815.0, 12060.0, 11745.0, 11055.0, 11850.0, 11940.0, 12390.0, 11670.0, 12045.0, 1890.0, 855.0, 1920.0, 2760.0, 2490.0, 9255.0, 5205.0, 4065.0, 9990.0, 8790.0, 10020.0, 9915.0, 10035.0, 9810.0, 9135.0, 10020.0, 9810.0, 4905.0, 4650.0, 675.0, 3390.0], 
[7905.0, 1065.0, 0.0, 120.0, 480.0, 120.0, 945.0, 2175.0, 1425.0, 1005.0, 870.0, 420.0, 780.0, 330.0, 1185.0, 315.0, 7905.0, 5790.0, 4845.0, 4905.0, 11595.0, 12855.0, 12525.0, 11835.0, 12630.0, 12735.0, 13185.0, 12450.0, 12825.0, 2685.0, 1650.0, 2700.0, 3555.0, 3285.0, 10035.0, 5655.0, 4470.0, 10590.0, 9390.0, 10620.0, 10515.0, 10635.0, 10410.0, 9735.0, 10620.0, 10410.0, 5700.0, 5250.0, 1455.0, 4170.0], 
[7845.0, 990.0, 120.0, 0.0, 525.0, 165.0, 870.0, 2100.0, 1350.0, 1005.0, 795.0, 405.0, 825.0, 255.0, 1110.0, 240.0, 7830.0, 5715.0, 4785.0, 4830.0, 11535.0, 12780.0, 12465.0, 11760.0, 12570.0, 12660.0, 13110.0, 12375.0, 12750.0, 2610.0, 1575.0, 2625.0, 3480.0, 3210.0, 9960.0, 5625.0, 4440.0, 10515.0, 9315.0, 10545.0, 10440.0, 10560.0, 10335.0, 9660.0, 10545.0, 10335.0, 5625.0, 5190.0, 1380.0, 4095.0], 
[8325.0, 1485.0, 480.0, 525.0, 0.0, 465.0, 1365.0, 2595.0, 1845.0, 1290.0, 1290.0, 690.0, 435.0, 750.0, 1605.0, 735.0, 8310.0, 6195.0, 5265.0, 5325.0, 12015.0, 13275.0, 12945.0, 12255.0, 13050.0, 13155.0, 13605.0, 12870.0, 13245.0, 3105.0, 2070.0, 3120.0, 3960.0, 3705.0, 10455.0, 6015.0, 4830.0, 10995.0, 9795.0, 11025.0, 10920.0, 11040.0, 10815.0, 10140.0, 11025.0, 10815.0, 6105.0, 5670.0, 1875.0, 4590.0], 
[7950.0, 1110.0, 120.0, 165.0, 465.0, 0.0, 990.0, 2220.0, 1470.0, 1035.0, 915.0, 435.0, 765.0, 375.0, 1230.0, 360.0, 7935.0, 5835.0, 4890.0, 4950.0, 11640.0, 12900.0, 12570.0, 11880.0, 12675.0, 12780.0, 13230.0, 12495.0, 12870.0, 2730.0, 1695.0, 2745.0, 3585.0, 3330.0, 10080.0, 5700.0, 4500.0, 10635.0, 9435.0, 10665.0, 10560.0, 10680.0, 10455.0, 9780.0, 10665.0, 10455.0, 5745.0, 5295.0, 1500.0, 4215.0], 
[7230.0, 210.0, 945.0, 870.0, 1365.0, 990.0, 0.0, 1485.0, 750.0, 1710.0, 105.0, 1140.0, 1665.0, 675.0, 510.0, 660.0, 7215.0, 5100.0, 4170.0, 4245.0, 10920.0, 12180.0, 11850.0, 11160.0, 11955.0, 12060.0, 12495.0, 11775.0, 12150.0, 1995.0, 960.0, 2025.0, 2865.0, 2595.0, 9360.0, 5250.0, 4095.0, 10065.0, 8865.0, 10095.0, 10005.0, 10125.0, 9885.0, 9210.0, 10110.0, 9885.0, 5010.0, 4740.0, 780.0, 3495.0], 
[6945.0, 1380.0, 2175.0, 2100.0, 2595.0, 2220.0, 1485.0, 0.0, 795.0, 2910.0, 1500.0, 2355.0, 2895.0, 1905.0, 1020.0, 1890.0, 5745.0, 3645.0, 2730.0, 2955.0, 10635.0, 11895.0, 11565.0, 10875.0, 11670.0, 11775.0, 12225.0, 11490.0, 11865.0, 1725.0, 765.0, 1740.0, 2580.0, 2325.0, 9075.0, 4770.0, 3780.0, 9270.0, 8070.0, 9300.0, 9195.0, 9315.0, 9090.0, 8415.0, 9300.0, 9090.0, 3540.0, 3915.0, 780.0, 3210.0], 
[6510.0, 645.0, 1425.0, 1350.0, 1845.0, 1470.0, 750.0, 795.0, 0.0, 2190.0, 750.0, 1620.0, 2145.0, 1155.0, 270.0, 1140.0, 6510.0, 4425.0, 3495.0, 3630.0, 10200.0, 11445.0, 11130.0, 10440.0, 11235.0, 11325.0, 11775.0, 11055.0, 11430.0, 1275.0, 240.0, 1305.0, 2145.0, 1875.0, 8625.0, 4950.0, 3870.0, 9645.0, 8445.0, 9675.0, 9570.0, 9690.0, 9465.0, 8790.0, 9675.0, 9465.0, 4305.0, 4305.0, 60.0, 2760.0], 
[8670.0, 1830.0, 1005.0, 1005.0, 1290.0, 1035.0, 1710.0, 2910.0, 2190.0, 0.0, 1650.0, 615.0, 1590.0, 1140.0, 1950.0, 1125.0, 8640.0, 6435.0, 5505.0, 5415.0, 12360.0, 13620.0, 13290.0, 12600.0, 13395.0, 13500.0, 13935.0, 13215.0, 13590.0, 3435.0, 2400.0, 3465.0, 4305.0, 4035.0, 10800.0, 5580.0, 4365.0, 10575.0, 9375.0, 10605.0, 10500.0, 10620.0, 10395.0, 9720.0, 10605.0, 10395.0, 6435.0, 5355.0, 2220.0, 4935.0], 
[7230.0, 270.0, 870.0, 795.0, 1290.0, 915.0, 105.0, 1500.0, 750.0, 1650.0, 0.0, 1065.0, 1590.0, 600.0, 510.0, 585.0, 7215.0, 5100.0, 4170.0, 4260.0, 10920.0, 12180.0, 11850.0, 11160.0, 11955.0, 12060.0, 12510.0, 11775.0, 12150.0, 2010.0, 975.0, 2025.0, 2865.0, 2610.0, 9360.0, 5190.0, 4035.0, 10035.0, 8835.0, 10065.0, 9960.0, 10080.0, 9855.0, 9180.0, 10065.0, 9855.0, 5010.0, 4695.0, 780.0, 3495.0], 
[8100.0, 1245.0, 420.0, 405.0, 690.0, 435.0, 1140.0, 2355.0, 1620.0, 615.0, 1065.0, 0.0, 990.0, 540.0, 1380.0, 540.0, 8085.0, 5970.0, 5040.0, 5025.0, 11790.0, 13035.0, 12720.0, 12030.0, 12825.0, 12915.0, 13365.0, 12645.0, 13020.0, 2865.0, 1830.0, 2895.0, 3735.0, 3465.0, 10230.0, 5370.0, 4185.0, 10350.0, 9150.0, 10380.0, 10275.0, 10395.0, 10170.0, 9495.0, 10380.0, 10170.0, 5880.0, 5085.0, 1650.0, 4365.0], 
[8625.0, 1785.0, 780.0, 825.0, 435.0, 765.0, 1665.0, 2895.0, 2145.0, 1590.0, 1590.0, 990.0, 0.0, 1050.0, 1905.0, 1035.0, 8610.0, 6495.0, 5565.0, 5625.0, 12315.0, 13575.0, 13245.0, 12555.0, 13350.0, 13455.0, 13905.0, 13170.0, 13545.0, 3405.0, 2370.0, 3420.0, 4260.0, 4005.0, 10755.0, 6315.0, 5115.0, 11280.0, 10080.0, 11310.0, 11220.0, 11340.0, 11115.0, 10425.0, 11325.0, 11100.0, 6420.0, 5970.0, 2175.0, 4890.0], 
[7635.0, 795.0, 330.0, 255.0, 750.0, 375.0, 675.0, 1905.0, 1155.0, 1140.0, 600.0, 540.0, 1050.0, 0.0, 915.0, 15.0, 7620.0, 5505.0, 4575.0, 4635.0, 11325.0, 12585.0, 12255.0, 11565.0, 12360.0, 12465.0, 12915.0, 12180.0, 12555.0, 2415.0, 1380.0, 2430.0, 3270.0, 3015.0, 9765.0, 5430.0, 4260.0, 10320.0, 9120.0, 10350.0, 10245.0, 10365.0, 10140.0, 9465.0, 10350.0, 10140.0, 5430.0, 4980.0, 1185.0, 3900.0], 
[6750.0, 405.0, 1185.0, 1110.0, 1605.0, 1230.0, 510.0, 1020.0, 270.0, 1950.0, 510.0, 1380.0, 1905.0, 915.0, 0.0, 900.0, 6750.0, 4650.0, 3705.0, 3810.0, 10455.0, 11700.0, 11370.0, 10680.0, 11475.0, 11580.0, 12030.0, 11295.0, 11670.0, 1530.0, 495.0, 1545.0, 2400.0, 2130.0, 8880.0, 4935.0, 3825.0, 9690.0, 8490.0, 9720.0, 9615.0, 9750.0, 9510.0, 8835.0, 9735.0, 9510.0, 4545.0, 4365.0, 300.0, 3015.0], 
[7620.0, 780.0, 315.0, 240.0, 735.0, 360.0, 660.0, 1890.0, 1140.0, 1125.0, 585.0, 540.0, 1035.0, 15.0, 900.0, 0.0, 7620.0, 5505.0, 4575.0, 4620.0, 11325.0, 12570.0, 12255.0, 11550.0, 12360.0, 12450.0, 12900.0, 12165.0, 12540.0, 2400.0, 1365.0, 2415.0, 3270.0, 3000.0, 9750.0, 5415.0, 4245.0, 10305.0, 9105.0, 10335.0, 10230.0, 10350.0, 10125.0, 9450.0, 10335.0, 10125.0, 5415.0, 4980.0, 1170.0, 3885.0], 
[4350.0, 7110.0, 7905.0, 7830.0, 8310.0, 7935.0, 7215.0, 5745.0, 6510.0, 8640.0, 7215.0, 8085.0, 8610.0, 7620.0, 6750.0, 7620.0, 0.0, 4395.0, 4530.0, 5715.0, 6900.0, 8115.0, 7785.0, 7065.0, 7890.0, 7995.0, 8400.0, 7710.0, 8070.0, 7230.0, 6480.0, 7185.0, 7065.0, 6570.0, 5400.0, 9135.0, 8475.0, 12555.0, 11355.0, 12585.0, 12480.0, 12600.0, 12375.0, 11700.0, 12585.0, 12360.0, 2670.0, 7635.0, 6510.0, 4995.0], 
[8730.0, 4995.0, 5790.0, 5715.0, 6195.0, 5835.0, 5100.0, 3645.0, 4425.0, 6435.0, 5100.0, 5970.0, 6495.0, 5505.0, 4650.0, 5505.0, 4395.0, 0.0, 930.0, 2175.0, 11145.0, 12360.0, 12045.0, 11310.0, 12150.0, 12240.0, 12645.0, 11970.0, 12330.0, 5340.0, 4410.0, 5355.0, 6210.0, 5940.0, 9735.0, 5595.0, 4950.0, 9450.0, 8250.0, 9480.0, 9375.0, 9510.0, 9270.0, 8595.0, 9495.0, 9270.0, 3555.0, 4095.0, 4425.0, 6825.0], 
[8880.0, 4065.0, 4845.0, 4785.0, 5265.0, 4890.0, 4170.0, 2730.0, 3495.0, 5505.0, 4170.0, 5040.0, 5565.0, 4575.0, 3705.0, 4575.0, 4530.0, 930.0, 0.0, 1230.0, 11310.0, 12525.0, 12195.0, 11475.0, 12315.0, 12405.0, 12675.0, 12120.0, 12495.0, 4410.0, 3480.0, 4440.0, 5280.0, 5010.0, 9885.0, 4650.0, 4020.0, 8520.0, 7320.0, 8550.0, 8445.0, 8565.0, 8340.0, 7665.0, 8565.0, 8340.0, 3180.0, 3165.0, 3495.0, 5895.0], 
[9870.0, 4140.0, 4905.0, 4830.0, 5325.0, 4950.0, 4245.0, 2955.0, 3630.0, 5415.0, 4260.0, 5025.0, 5625.0, 4635.0, 3810.0, 4620.0, 5715.0, 2175.0, 1230.0, 0.0, 12480.0, 12525.0, 12705.0, 12645.0, 12810.0, 12630.0, 11715.0, 12630.0, 12090.0, 4635.0, 3675.0, 4665.0, 5505.0, 5235.0, 11070.0, 3720.0, 3105.0, 7560.0, 6360.0, 7605.0, 7500.0, 7620.0, 7395.0, 6705.0, 7605.0, 7380.0, 4230.0, 2205.0, 3645.0, 6135.0], 
[4470.0, 10815.0, 11595.0, 11535.0, 12015.0, 11640.0, 10920.0, 10635.0, 10200.0, 12360.0, 10920.0, 11790.0, 12315.0, 11325.0, 10455.0, 11325.0, 6900.0, 11145.0, 11310.0, 12480.0, 0.0, 1305.0, 990.0, 390.0, 1095.0, 1185.0, 1695.0, 915.0, 1290.0, 9300.0, 9990.0, 9270.0, 9135.0, 8640.0, 1560.0, 12435.0, 12495.0, 6285.0, 7080.0, 6285.0, 6225.0, 6270.0, 6420.0, 6720.0, 6270.0, 6420.0, 9450.0, 11160.0, 10185.0, 7065.0], 
[5715.0, 12060.0, 12855.0, 12780.0, 13275.0, 12900.0, 12180.0, 11895.0, 11445.0, 13620.0, 12180.0, 13035.0, 13575.0, 12585.0, 11700.0, 12570.0, 8115.0, 12360.0, 12525.0, 12525.0, 1305.0, 0.0, 615.0, 1080.0, 720.0, 360.0, 1125.0, 540.0, 465.0, 10560.0, 11235.0, 10515.0, 10380.0, 9885.0, 2820.0, 11640.0, 11700.0, 5460.0, 6255.0, 5475.0, 5400.0, 5445.0, 5610.0, 5910.0, 5460.0, 5595.0, 10665.0, 10350.0, 11430.0, 8325.0], 
[5385.0, 11745.0, 12525.0, 12465.0, 12945.0, 12570.0, 11850.0, 11565.0, 11130.0, 13290.0, 11850.0, 12720.0, 13245.0, 12255.0, 11370.0, 12255.0, 7785.0, 12045.0, 12195.0, 12705.0, 990.0, 615.0, 0.0, 750.0, 105.0, 465.0, 1170.0, 75.0, 630.0, 10230.0, 10920.0, 10185.0, 10065.0, 9570.0, 2490.0, 11805.0, 11865.0, 5640.0, 6420.0, 5640.0, 5580.0, 5625.0, 5775.0, 6075.0, 5625.0, 5775.0, 10350.0, 10530.0, 11115.0, 7995.0], 
[4695.0, 11055.0, 11835.0, 11760.0, 12255.0, 11880.0, 11160.0, 10875.0, 10440.0, 12600.0, 11160.0, 12030.0, 12555.0, 11565.0, 10680.0, 11550.0, 7065.0, 11310.0, 11475.0, 12645.0, 390.0, 1080.0, 750.0, 0.0, 855.0, 960.0, 1425.0, 675.0, 1035.0, 9540.0, 10230.0, 9495.0, 9360.0, 8865.0, 1800.0, 12165.0, 12225.0, 6030.0, 6810.0, 6045.0, 5970.0, 6015.0, 6165.0, 6465.0, 6015.0, 6165.0, 9615.0, 10890.0, 10410.0, 7305.0], 
[5505.0, 11850.0, 12630.0, 12570.0, 13050.0, 12675.0, 11955.0, 11670.0, 11235.0, 13395.0, 11955.0, 12825.0, 13350.0, 12360.0, 11475.0, 12360.0, 7890.0, 12150.0, 12315.0, 12810.0, 1095.0, 720.0, 105.0, 855.0, 0.0, 570.0, 1275.0, 180.0, 735.0, 10335.0, 11025.0, 10305.0, 10170.0, 9675.0, 2595.0, 11910.0, 11970.0, 5745.0, 6540.0, 5745.0, 5685.0, 5730.0, 5880.0, 6180.0, 5730.0, 5880.0, 10455.0, 10635.0, 11220.0, 8100.0], 
[5595.0, 11940.0, 12735.0, 12660.0, 13155.0, 12780.0, 12060.0, 11775.0, 11325.0, 13500.0, 12060.0, 12915.0, 13455.0, 12465.0, 11580.0, 12450.0, 7995.0, 12240.0, 12405.0, 12630.0, 1185.0, 360.0, 465.0, 960.0, 570.0, 0.0, 1230.0, 390.0, 570.0, 10440.0, 11115.0, 10395.0, 10260.0, 9765.0, 2700.0, 11745.0, 11805.0, 5565.0, 6360.0, 5580.0, 5505.0, 5550.0, 5715.0, 6015.0, 5565.0, 5700.0, 10545.0, 10455.0, 11310.0, 8205.0], 
[6045.0, 12390.0, 13185.0, 13110.0, 13605.0, 13230.0, 12495.0, 12225.0, 11775.0, 13935.0, 12510.0, 13365.0, 13905.0, 12915.0, 12030.0, 12900.0, 8400.0, 12645.0, 12675.0, 11715.0, 1695.0, 1125.0, 1170.0, 1425.0, 1275.0, 1230.0, 0.0, 1095.0, 885.0, 10890.0, 11565.0, 10845.0, 10710.0, 10215.0, 3150.0, 10815.0, 10890.0, 4710.0, 5460.0, 4725.0, 4650.0, 4695.0, 4845.0, 5115.0, 4710.0, 4845.0, 10950.0, 9540.0, 11760.0, 8655.0], 
[5310.0, 11670.0, 12450.0, 12375.0, 12870.0, 12495.0, 11775.0, 11490.0, 11055.0, 13215.0, 11775.0, 12645.0, 13170.0, 12180.0, 11295.0, 12165.0, 7710.0, 11970.0, 12120.0, 12630.0, 915.0, 540.0, 75.0, 675.0, 180.0, 390.0, 1095.0, 0.0, 555.0, 10155.0, 10845.0, 10110.0, 9990.0, 9495.0, 2415.0, 11730.0, 11790.0, 5565.0, 6345.0, 5565.0, 5505.0, 5550.0, 5700.0, 6000.0, 5550.0, 5700.0, 10260.0, 10455.0, 11025.0, 7920.0], 
[5685.0, 12045.0, 12825.0, 12750.0, 13245.0, 12870.0, 12150.0, 11865.0, 11430.0, 13590.0, 12150.0, 13020.0, 13545.0, 12555.0, 11670.0, 12540.0, 8070.0, 12330.0, 12495.0, 12090.0, 1290.0, 465.0, 630.0, 1035.0, 735.0, 570.0, 885.0, 555.0, 0.0, 10530.0, 11220.0, 10485.0, 10365.0, 9870.0, 2790.0, 11190.0, 11250.0, 5025.0, 5805.0, 5025.0, 4965.0, 5010.0, 5160.0, 5460.0, 5010.0, 5160.0, 10635.0, 9915.0, 11400.0, 8295.0], 
[5610.0, 1890.0, 2685.0, 2610.0, 3105.0, 2730.0, 1995.0, 1725.0, 1275.0, 3435.0, 2010.0, 2865.0, 3405.0, 2415.0, 1530.0, 2400.0, 7230.0, 5340.0, 4410.0, 4635.0, 9300.0, 10560.0, 10230.0, 9540.0, 10335.0, 10440.0, 10890.0, 10155.0, 10530.0, 0.0, 1065.0, 45.0, 1200.0, 945.0, 7740.0, 6135.0, 5055.0, 10785.0, 9585.0, 10815.0, 10710.0, 10830.0, 10605.0, 9930.0, 10815.0, 10605.0, 5205.0, 5430.0, 1260.0, 1875.0], 
[6300.0, 855.0, 1650.0, 1575.0, 2070.0, 1695.0, 960.0, 765.0, 240.0, 2400.0, 975.0, 1830.0, 2370.0, 1380.0, 495.0, 1365.0, 6480.0, 4410.0, 3480.0, 3675.0, 9990.0, 11235.0, 10920.0, 10230.0, 11025.0, 11115.0, 11565.0, 10845.0, 11220.0, 1065.0, 0.0, 1095.0, 1935.0, 1665.0, 8415.0, 5100.0, 4020.0, 9765.0, 8565.0, 9795.0, 9690.0, 9810.0, 9585.0, 8910.0, 9795.0, 9585.0, 4275.0, 4410.0, 225.0, 2550.0], 
[5565.0, 1920.0, 2700.0, 2625.0, 3120.0, 2745.0, 2025.0, 1740.0, 1305.0, 3465.0, 2025.0, 2895.0, 3420.0, 2430.0, 1545.0, 2415.0, 7185.0, 5355.0, 4440.0, 4665.0, 9270.0, 10515.0, 10185.0, 9495.0, 10305.0, 10395.0, 10845.0, 10110.0, 10485.0, 45.0, 1095.0, 0.0, 1170.0, 900.0, 7695.0, 6150.0, 5070.0, 10800.0, 9600.0, 10830.0, 10740.0, 10860.0, 10635.0, 9945.0, 10845.0, 10620.0, 5235.0, 5445.0, 1275.0, 1830.0], 
[5445.0, 2760.0, 3555.0, 3480.0, 3960.0, 3585.0, 2865.0, 2580.0, 2145.0, 4305.0, 2865.0, 3735.0, 4260.0, 3270.0, 2400.0, 3270.0, 7065.0, 6210.0, 5280.0, 5505.0, 9135.0, 10380.0, 10065.0, 9360.0, 10170.0, 10260.0, 10710.0, 9990.0, 10365.0, 1200.0, 1935.0, 1170.0, 0.0, 720.0, 7560.0, 6990.0, 5925.0, 11655.0, 10455.0, 11685.0, 11580.0, 11700.0, 11475.0, 10800.0, 11685.0, 11475.0, 6075.0, 6300.0, 2130.0, 1695.0], 
[4950.0, 2490.0, 3285.0, 3210.0, 3705.0, 3330.0, 2595.0, 2325.0, 1875.0, 4035.0, 2610.0, 3465.0, 4005.0, 3015.0, 2130.0, 3000.0, 6570.0, 5940.0, 5010.0, 5235.0, 8640.0, 9885.0, 9570.0, 8865.0, 9675.0, 9765.0, 10215.0, 9495.0, 9870.0, 945.0, 1665.0, 900.0, 720.0, 0.0, 7065.0, 6735.0, 5655.0, 11385.0, 10185.0, 11415.0, 11310.0, 11430.0, 11205.0, 10530.0, 11415.0, 11205.0, 5805.0, 6030.0, 1860.0, 1200.0], 
[2895.0, 9255.0, 10035.0, 9960.0, 10455.0, 10080.0, 9360.0, 9075.0, 8625.0, 10800.0, 9360.0, 10230.0, 10755.0, 9765.0, 8880.0, 9750.0, 5400.0, 9735.0, 9885.0, 11070.0, 1560.0, 2820.0, 2490.0, 1800.0, 2595.0, 2700.0, 3150.0, 2415.0, 2790.0, 7740.0, 8415.0, 7695.0, 7560.0, 7065.0, 0.0, 13485.0, 12405.0, 7770.0, 8520.0, 7785.0, 7710.0, 7755.0, 7905.0, 8175.0, 7770.0, 7905.0, 8025.0, 12585.0, 8610.0, 5505.0], 
[11355.0, 5205.0, 5655.0, 5625.0, 6015.0, 5700.0, 5250.0, 4770.0, 4950.0, 5580.0, 5190.0, 5370.0, 6315.0, 5430.0, 4935.0, 5415.0, 9135.0, 5595.0, 4650.0, 3720.0, 12435.0, 11640.0, 11805.0, 12165.0, 11910.0, 11745.0, 10815.0, 11730.0, 11190.0, 6135.0, 5100.0, 6150.0, 6990.0, 6735.0, 13485.0, 0.0, 1380.0, 6675.0, 5475.0, 6705.0, 6600.0, 6720.0, 6495.0, 5820.0, 6705.0, 6495.0, 7380.0, 1755.0, 4980.0, 7620.0], 
[10290.0, 4065.0, 4470.0, 4440.0, 4830.0, 4500.0, 4095.0, 3780.0, 3870.0, 4365.0, 4035.0, 4185.0, 5115.0, 4260.0, 3825.0, 4245.0, 8475.0, 4950.0, 4020.0, 3105.0, 12495.0, 11700.0, 11865.0, 12225.0, 11970.0, 11805.0, 10890.0, 11790.0, 11250.0, 5055.0, 4020.0, 5070.0, 5925.0, 5655.0, 12405.0, 1380.0, 0.0, 6735.0, 5535.0, 6765.0, 6660.0, 6780.0, 6555.0, 5880.0, 6780.0, 6555.0, 6570.0, 1530.0, 3885.0, 6540.0], 
[10665.0, 9990.0, 10590.0, 10515.0, 10995.0, 10635.0, 10065.0, 9270.0, 9645.0, 10575.0, 10035.0, 10350.0, 11280.0, 10320.0, 9690.0, 10305.0, 12555.0, 9450.0, 8520.0, 7560.0, 6285.0, 5460.0, 5640.0, 6030.0, 5745.0, 5565.0, 4710.0, 5565.0, 5025.0, 10785.0, 9765.0, 10800.0, 11655.0, 11385.0, 7770.0, 6675.0, 6735.0, 0.0, 1275.0, 60.0, 195.0, 75.0, 390.0, 900.0, 60.0, 390.0, 11415.0, 5385.0, 9660.0, 12270.0], 
[11415.0, 8790.0, 9390.0, 9315.0, 9795.0, 9435.0, 8865.0, 8070.0, 8445.0, 9375.0, 8835.0, 9150.0, 10080.0, 9120.0, 8490.0, 9105.0, 11355.0, 8250.0, 7320.0, 6360.0, 7080.0, 6255.0, 6420.0, 6810.0, 6540.0, 6360.0, 5460.0, 6345.0, 5805.0, 9585.0, 8565.0, 9600.0, 10455.0, 10185.0, 8520.0, 5475.0, 5535.0, 1275.0, 0.0, 1305.0, 1200.0, 1320.0, 1095.0, 420.0, 1305.0, 1095.0, 10215.0, 4185.0, 8460.0, 11070.0], 
[10680.0, 10020.0, 10620.0, 10545.0, 11025.0, 10665.0, 10095.0, 9300.0, 9675.0, 10605.0, 10065.0, 10380.0, 11310.0, 10350.0, 9720.0, 10335.0, 12585.0, 9480.0, 8550.0, 7605.0, 6285.0, 5475.0, 5640.0, 6045.0, 5745.0, 5580.0, 4725.0, 5565.0, 5025.0, 10815.0, 9795.0, 10830.0, 11685.0, 11415.0, 7785.0, 6705.0, 6765.0, 60.0, 1305.0, 0.0, 225.0, 60.0, 420.0, 930.0, 45.0, 420.0, 11445.0, 5430.0, 9690.0, 12300.0], 
[10605.0, 9915.0, 10515.0, 10440.0, 10920.0, 10560.0, 10005.0, 9195.0, 9570.0, 10500.0, 9960.0, 10275.0, 11220.0, 10245.0, 9615.0, 10230.0, 12480.0, 9375.0, 8445.0, 7500.0, 6225.0, 5400.0, 5580.0, 5970.0, 5685.0, 5505.0, 4650.0, 5505.0, 4965.0, 10710.0, 9690.0, 10740.0, 11580.0, 11310.0, 7710.0, 6600.0, 6660.0, 195.0, 1200.0, 225.0, 0.0, 240.0, 315.0, 825.0, 240.0, 315.0, 11340.0, 5325.0, 9585.0, 12195.0], 
[10650.0, 10035.0, 10635.0, 10560.0, 11040.0, 10680.0, 10125.0, 9315.0, 9690.0, 10620.0, 10080.0, 10395.0, 11340.0, 10365.0, 9750.0, 10350.0, 12600.0, 9510.0, 8565.0, 7620.0, 6270.0, 5445.0, 5625.0, 6015.0, 5730.0, 5550.0, 4695.0, 5550.0, 5010.0, 10830.0, 9810.0, 10860.0, 11700.0, 11430.0, 7755.0, 6720.0, 6780.0, 75.0, 1320.0, 60.0, 240.0, 0.0, 435.0, 945.0, 30.0, 435.0, 11460.0, 5445.0, 9705.0, 12315.0], 
[10800.0, 9810.0, 10410.0, 10335.0, 10815.0, 10455.0, 9885.0, 9090.0, 9465.0, 10395.0, 9855.0, 10170.0, 11115.0, 10140.0, 9510.0, 10125.0, 12375.0, 9270.0, 8340.0, 7395.0, 6420.0, 5610.0, 5775.0, 6165.0, 5880.0, 5715.0, 4845.0, 5700.0, 5160.0, 10605.0, 9585.0, 10635.0, 11475.0, 11205.0, 7905.0, 6495.0, 6555.0, 390.0, 1095.0, 420.0, 315.0, 435.0, 0.0, 720.0, 420.0, 0.0, 11235.0, 5220.0, 9480.0, 12090.0], 
[11070.0, 9135.0, 9735.0, 9660.0, 10140.0, 9780.0, 9210.0, 8415.0, 8790.0, 9720.0, 9180.0, 9495.0, 10425.0, 9465.0, 8835.0, 9450.0, 11700.0, 8595.0, 7665.0, 6705.0, 6720.0, 5910.0, 6075.0, 6465.0, 6180.0, 6015.0, 5115.0, 6000.0, 5460.0, 9930.0, 8910.0, 9945.0, 10800.0, 10530.0, 8175.0, 5820.0, 5880.0, 900.0, 420.0, 930.0, 825.0, 945.0, 720.0, 0.0, 930.0, 720.0, 10560.0, 4530.0, 8805.0, 11415.0], 
[10665.0, 10020.0, 10620.0, 10545.0, 11025.0, 10665.0, 10110.0, 9300.0, 9675.0, 10605.0, 10065.0, 10380.0, 11325.0, 10350.0, 9735.0, 10335.0, 12585.0, 9495.0, 8565.0, 7605.0, 6270.0, 5460.0, 5625.0, 6015.0, 5730.0, 5565.0, 4710.0, 5550.0, 5010.0, 10815.0, 9795.0, 10845.0, 11685.0, 11415.0, 7770.0, 6705.0, 6780.0, 60.0, 1305.0, 45.0, 240.0, 30.0, 420.0, 930.0, 0.0, 420.0, 11445.0, 5430.0, 9705.0, 12315.0], 
[10800.0, 9810.0, 10410.0, 10335.0, 10815.0, 10455.0, 9885.0, 9090.0, 9465.0, 10395.0, 9855.0, 10170.0, 11100.0, 10140.0, 9510.0, 10125.0, 12360.0, 9270.0, 8340.0, 7380.0, 6420.0, 5595.0, 5775.0, 6165.0, 5880.0, 5700.0, 4845.0, 5700.0, 5160.0, 10605.0, 9585.0, 10620.0, 11475.0, 11205.0, 7905.0, 6495.0, 6555.0, 390.0, 1095.0, 420.0, 315.0, 435.0, 0.0, 720.0, 420.0, 0.0, 11235.0, 5205.0, 9480.0, 12090.0], 
[7020.0, 4905.0, 5700.0, 5625.0, 6105.0, 5745.0, 5010.0, 3540.0, 4305.0, 6435.0, 5010.0, 5880.0, 6420.0, 5430.0, 4545.0, 5415.0, 2670.0, 3555.0, 3180.0, 4230.0, 9450.0, 10665.0, 10350.0, 9615.0, 10455.0, 10545.0, 10950.0, 10260.0, 10635.0, 5205.0, 4275.0, 5235.0, 6075.0, 5805.0, 8025.0, 7380.0, 6570.0, 11415.0, 10215.0, 11445.0, 11340.0, 11460.0, 11235.0, 10560.0, 11445.0, 11235.0, 0.0, 6045.0, 4305.0, 6705.0], 
[10650.0, 4650.0, 5250.0, 5190.0, 5670.0, 5295.0, 4740.0, 3915.0, 4305.0, 5355.0, 4695.0, 5085.0, 5970.0, 4980.0, 4365.0, 4980.0, 7635.0, 4095.0, 3165.0, 2205.0, 11160.0, 10350.0, 10530.0, 10890.0, 10635.0, 10455.0, 9540.0, 10455.0, 9915.0, 5430.0, 4410.0, 5445.0, 6300.0, 6030.0, 12585.0, 1755.0, 1530.0, 5385.0, 4185.0, 5430.0, 5325.0, 5445.0, 5220.0, 4530.0, 5430.0, 5205.0, 6045.0, 0.0, 4320.0, 6915.0], 
[6480.0, 675.0, 1455.0, 1380.0, 1875.0, 1500.0, 780.0, 780.0, 60.0, 2220.0, 780.0, 1650.0, 2175.0, 1185.0, 300.0, 1170.0, 6510.0, 4425.0, 3495.0, 3645.0, 10185.0, 11430.0, 11115.0, 10410.0, 11220.0, 11310.0, 11760.0, 11025.0, 11400.0, 1260.0, 225.0, 1275.0, 2130.0, 1860.0, 8610.0, 4980.0, 3885.0, 9660.0, 8460.0, 9690.0, 9585.0, 9705.0, 9480.0, 8805.0, 9705.0, 9480.0, 4305.0, 4320.0, 0.0, 2745.0], 
[3375.0, 3390.0, 4170.0, 4095.0, 4590.0, 4215.0, 3495.0, 3210.0, 2760.0, 4935.0, 3495.0, 4365.0, 4890.0, 3900.0, 3015.0, 3885.0, 4995.0, 6825.0, 5895.0, 6135.0, 7065.0, 8325.0, 7995.0, 7305.0, 8100.0, 8205.0, 8655.0, 7920.0, 8295.0, 1875.0, 2550.0, 1830.0, 1695.0, 1200.0, 5505.0, 7620.0, 6540.0, 12270.0, 11070.0, 12300.0, 12195.0, 12315.0, 12090.0, 11415.0, 12315.0, 12090.0, 6705.0, 6915.0, 2745.0, 0.0]]



#----------------------------------------------------------------
# Generated using instance generator version v. 1.0.0
# Data set: 2 (=DEEPSEA)
# Vessel types: 1
# Vessel count: 6
# Number of cargoes: 300
# Cargo sizes: 2
# Time windows: 1
# Regional flow: 0
# Market condition: 1
# Instance number: 4 (out of 5)
#----------------------------------------------------------------
# Randomly selected 50 ports
